0 0.41434262948207173 0.554945054945055 0.04780876494023904 0.2967032967032967
0 0.4950199203187251 0.5494505494505495 0.045816733067729085 0.3076923076923077
0 0.6314741035856574 0.5384615384615384 0.04780876494023904 0.3076923076923077
4 0.29382470119521914 0.5604395604395604 0.045816733067729085 0.3076923076923077
14 0.1952191235059761 0.5604395604395604 0.05179282868525897 0.32967032967032966
14 0.10956175298804781 0.5604395604395604 0.05179282868525897 0.3516483516483517
13 0.23705179282868527 0.5604395604395604 0.04780876494023904 0.3076923076923077
17 0.5338645418326693 0.5494505494505495 0.043824701195219126 0.32967032967032966
17 0.5737051792828686 0.5494505494505495 0.043824701195219126 0.32967032967032966
1 0.15239043824701196 0.5604395604395604 0.045816733067729085 0.3076923076923077
19 0.0697211155378486 0.5714285714285714 0.04780876494023904 0.3076923076923077
2 0.3336653386454183 0.554945054945055 0.045816733067729085 0.2967032967032967
21 0.4551792828685259 0.5494505494505495 0.045816733067729085 0.3076923076923077
7 0.37350597609561753 0.554945054945055 0.045816733067729085 0.31868131868131866
8 0.602589641434263 0.5439560439560439 0.021912350597609563 0.34065934065934067
