0 0.10657370517928287 0.4010989010989011 0.049800796812749 0.31868131868131866
0 0.18625498007968128 0.3956043956043956 0.045816733067729085 0.32967032967032966
14 0.31175298804780877 0.3956043956043956 0.049800796812749 0.3516483516483517
14 0.4063745019920319 0.3901098901098901 0.05179282868525897 0.34065934065934067
14 0.5328685258964143 0.3956043956043956 0.049800796812749 0.32967032967032966
14 0.6175298804780877 0.3956043956043956 0.05179282868525897 0.3516483516483517
13 0.22609561752988047 0.3956043956043956 0.049800796812749 0.32967032967032966
13 0.449203187250996 0.3901098901098901 0.049800796812749 0.34065934065934067
13 0.5756972111553785 0.3956043956043956 0.05179282868525897 0.32967032967032966
3 0.4910358565737052 0.3901098901098901 0.049800796812749 0.31868131868131866
17 0.14741035856573706 0.3956043956043956 0.043824701195219126 0.32967032967032966
11 0.3665338645418327 0.3901098901098901 0.043824701195219126 0.34065934065934067
6 0.2679282868525896 0.3956043956043956 0.049800796812749 0.32967032967032966
