0 0.22111553784860558 0.5164835164835165 0.04780876494023904 0.3076923076923077
0 0.30876494023904383 0.5054945054945055 0.04780876494023904 0.32967032967032966
0 0.3844621513944223 0.4835164835164835 0.04780876494023904 0.32967032967032966
0 0.4581673306772908 0.47802197802197804 0.04780876494023904 0.31868131868131866
8 0.1294820717131474 0.5164835164835165 0.02390438247011952 0.32967032967032966
25 0.27191235059760954 0.5 0.04183266932270916 0.31868131868131866
19 0.4213147410358566 0.4835164835164835 0.045816733067729085 0.32967032967032966
21 0.10258964143426295 0.5274725274725275 0.04183266932270916 0.3076923076923077
11 0.15239043824701196 0.5274725274725275 0.037848605577689244 0.3076923076923077
11 0.1852589641434263 0.5274725274725275 0.0398406374501992 0.3076923076923077
15 0.34760956175298807 0.4945054945054945 0.04183266932270916 0.32967032967032966
